95 72 85 包涵
73 63 69 薄乐
92 67 93 陈幻
89 75 93 陈伟
95 80 91 冯为江
91 75 92 关磊
91 61 90 李鹏坤
96 51 96 林士伟
88 71 94 刘凯
75 47 64 马立
87 70 79 时洋
81 64 82 宋怡晨
81 72 69 唐建超
89 62 81 王贺
86 62 85 王洋
88 71 76 吴振伟
91 72 89 夏雨生
63 41 59 谢苗
84 74 81 邢德
92 71 77 徐叶茂
89 71 81 严锦立
73 62 84 杨必宽
92 67 91 易子博
85 61 90 尹路珈
83 35 76 俞昕
82 70 77 袁梨幻
89 62 88 张孟
86 52 87 张鹏
76 57 81 张轩
66 56 69 赵邦辉
88 67 81 赵云祥
82 54 73 周粤娴
80 57 87 覃智全
75 68 87 高龙
84 69 87 郭宁波
88 73 90 李真真
94 67 86 孙迪夫
84 65 85 田烁
91 75 97 王毅
95 67 86 邢翔
83 60 76 周伟
